0 0.52421875 0.26171875 0.06484375 0.08125
0 0.8609375 0.26640625 0.0609375 0.078125
0 0.23203125 0.26796875 0.06796875 0.0875
0 0.378125 0.27109375 0.0765625 0.09296875
0 0.68671875 0.27109375 0.078125 0.0890625
4 0.52265625 0.428125 0.096875 0.24765625
4 0.38359375 0.43671875 0.11015625 0.22421875
4 0.7015625 0.43828125 0.128125 0.228125
4 0.22109375 0.453125 0.096875 0.26015625
2 0.86484375 0.4671875 0.10703125 0.2703125
3 0.5234375 0.5296875 0.15625 0.6390625
3 0.215625 0.53203125 0.1515625 0.6234375
3 0.86796875 0.53515625 0.1578125 0.65234375
3 0.378125 0.53828125 0.15390625 0.6390625
3 0.6921875 0.54140625 0.14375 0.63984375