0 0.55546875 0.4109375 0.04296875 0.0609375
0 0.68515625 0.41796875 0.04296875 0.06875
0 0.234375 0.45234375 0.0453125 0.053125
0 0.4078125 0.4578125 0.0453125 0.04921875
4 0.69140625 0.55703125 0.06015625 0.1484375
4 0.553125 0.55859375 0.0625 0.159375
4 0.4046875 0.6046875 0.0890625 0.1828125
4 0.2328125 0.6046875 0.0765625 0.18984375
3 0.69453125 0.615625 0.0625 0.4640625
3 0.56015625 0.61953125 0.0765625 0.47109375
3 0.40625 0.6484375 0.09140625 0.45234375
3 0.234375 0.66171875 0.0984375 0.47890625