0 0.30234375 0.23359375 0.01484375 0.028125
0 0.34296875 0.23828125 0.015625 0.0296875
3 0.34453125 0.2546875 0.02890625 0.0703125
0 0.26015625 0.25703125 0.01484375 0.02421875
1 0.1546875 0.2609375 0.01640625 0.028125
2 0.30390625 0.27578125 0.02578125 0.071875
2 0.34375 0.27578125 0.0234375 0.05703125
3 0.30546875 0.2890625 0.03203125 0.14453125
2 0.18828125 0.29140625 0.02421875 0.05546875
2 0.15546875 0.30078125 0.02265625 0.06484375
2 0.25859375 0.30390625 0.028125 0.0734375
3 0.18984375 0.3140625 0.02890625 0.146875
3 0.26171875 0.315625 0.03515625 0.14609375
3 0.15859375 0.3203125 0.0328125 0.1484375