0 0.884375 0.24765625 0.22109375 0.18359375
0 0.66875 0.24921875 0.13828125 0.153125
0 0.5171875 0.32265625 0.1515625 0.175
0 0.153125 0.325 0.13671875 0.11015625
0 0.378125 0.33671875 0.109375 0.13359375
0 0.29296875 0.40078125 0.1 0.10078125
3 0.8921875 0.565625 0.21484375 0.86875
3 0.71015625 0.5890625 0.2265625 0.821875
2 0.49140625 0.59609375 0.1890625 0.33203125
4 0.71875 0.60546875 0.15859375 0.37890625
3 0.5265625 0.61640625 0.19140625 0.75
3 0.1171875 0.64140625 0.23359375 0.71640625
2 0.10078125 0.70234375 0.2015625 0.40703125