0 0.63828125 0.36640625 0.04375 0.046875
0 0.63984375 0.475 0.04765625 0.0515625
0 0.45859375 0.49296875 0.0453125 0.0453125
0 0.72421875 0.50234375 0.0421875 0.046875
0 0.5609375 0.503125 0.04921875 0.0484375
0 0.3609375 0.50625 0.05 0.05546875
0 0.790625 0.51015625 0.03671875 0.0453125
0 0.125 0.521875 0.04765625 0.06875
0 0.2625 0.55859375 0.04296875 0.03984375
0 0.19453125 0.57578125 0.04765625 0.065625
4 0.54609375 0.6265625 0.09375 0.196875
4 0.63359375 0.62734375 0.0921875 0.21015625
4 0.7171875 0.62734375 0.08671875 0.19453125
4 0.11015625 0.6546875 0.1015625 0.18515625
4 0.45078125 0.6578125 0.0859375 0.203125
4 0.79921875 0.66015625 0.08125 0.20859375
4 0.3609375 0.67109375 0.08984375 0.2046875
3 0.63125 0.6875 0.09296875 0.47734375
4 0.2640625 0.6953125 0.075 0.18984375
3 0.72734375 0.696875 0.0921875 0.47734375
3 0.45703125 0.70234375 0.09375 0.484375
3 0.80390625 0.703125 0.09921875 0.44375
4 0.1859375 0.70703125 0.078125 0.18671875
3 0.54375 0.7109375 0.09140625 0.48515625
3 0.36328125 0.71875 0.09453125 0.47890625
3 0.11015625 0.71875 0.10390625 0.475
3 0.2703125 0.7390625 0.0921875 0.42265625
3 0.19140625 0.7421875 0.0625 0.39765625
0 0.56015625 0.125 0.0484375 0.06015625
0 0.475 0.140625 0.03828125 0.0484375
4 0.5546875 0.246875 0.0890625 0.175
4 0.471875 0.2609375 0.0984375 0.1609375
3 0.465625 0.30234375 0.090625 0.38046875
3 0.5640625 0.3078125 0.10078125 0.41640625