0 0.2953125 0.11328125 0.053125 0.05703125
0 0.44921875 0.13984375 0.021875 0.05
3 0.28125 0.171875 0.08125 0.19609375
4 0.56796875 0.21640625 0.04921875 0.0828125
4 0.41640625 0.2296875 0.0515625 0.13125
3 0.06015625 0.2484375 0.0734375 0.2140625
0 0.66015625 0.25546875 0.09375 0.08515625
3 0.5703125 0.284375 0.07421875 0.3015625
3 0.41953125 0.2953125 0.08671875 0.37578125
0 0.34296875 0.30703125 0.04453125 0.0828125
4 0.7734375 0.3421875 0.1453125 0.20703125
4 0.23046875 0.35390625 0.14375 0.2078125
3 0.2578125 0.50390625 0.225 0.49921875
3 0.73828125 0.5296875 0.26875 0.64921875