0 0.74453125 0.425 0.1296875 0.14140625
0 0.51640625 0.4421875 0.10859375 0.12421875
0 0.25234375 0.44453125 0.1203125 0.12421875
0 0.3953125 0.565625 0.10078125 0.1125
3 0.7671875 0.67578125 0.22578125 0.6484375
3 0.55234375 0.6859375 0.196875 0.61953125
3 0.2140625 0.68984375 0.225 0.6203125
4 0.53046875 0.7 0.15390625 0.32109375
4 0.2328125 0.71328125 0.184375 0.36484375
4 0.77109375 0.746875 0.21484375 0.44453125
3 0.39609375 0.75390625 0.1703125 0.4921875
4 0.4015625 0.815625 0.14609375 0.3296875