0 0.52890625 0.2640625 0.0546875 0.06796875
0 0.80546875 0.26953125 0.071875 0.11796875
4 0.33671875 0.3546875 0.06328125 0.1828125
3 0.528125 0.39375 0.08359375 0.315625
4 0.409375 0.403125 0.06171875 0.20546875
4 0.53671875 0.4046875 0.05703125 0.18828125
4 0.01953125 0.41875 0.03828125 0.20078125
3 0.33515625 0.42109375 0.0796875 0.46640625
4 0.825 0.44453125 0.1 0.2328125
0 0.27109375 0.4484375 0.0546875 0.0953125
3 0.4140625 0.4609375 0.08203125 0.4859375
0 0.1328125 0.47890625 0.06796875 0.10546875
3 0.80703125 0.5140625 0.1265625 0.61640625
3 0.2421875 0.59375 0.1015625 0.35625
3 0.11796875 0.62265625 0.146875 0.38359375
0 0.32734375 0.221875 0.04140625 0.0625
0 0.41953125 0.24921875 0.0515625 0.07265625