0 0.55390625 0.321875 0.0734375 0.10546875
0 0.73828125 0.32890625 0.06796875 0.103125
0 0.859375 0.35 0.06796875 0.09453125
1 0.4078125 0.35390625 0.05859375 0.06953125
1 0.3125 0.3875 0.05703125 0.09140625
1 0.18671875 0.4359375 0.071875 0.0890625
1 0.4953125 0.509375 0.04921875 0.08046875
4 0.5765625 0.59453125 0.10546875 0.3390625
4 0.7375 0.603125 0.11484375 0.2890625
2 0.4109375 0.60546875 0.09296875 0.2890625
3 0.5875 0.6390625 0.1265625 0.721875
3 0.74296875 0.64140625 0.1375 0.71640625
4 0.86875 0.64296875 0.115625 0.346875
3 0.87890625 0.64453125 0.13359375 0.7109375
2 0.309375 0.646875 0.109375 0.30546875
3 0.41015625 0.6578125 0.1234375 0.684375
3 0.3109375 0.6703125 0.121875 0.659375
2 0.1875 0.6875 0.1265625 0.29140625
3 0.1953125 0.6953125 0.159375 0.609375
3 0.50859375 0.7359375 0.15078125 0.528125
2 0.50546875 0.7625 0.0984375 0.253125