3 0.19765625 0.46875 0.15625 0.74453125
3 0.35234375 0.48203125 0.14375 0.6515625
4 0.2140625 0.48671875 0.14375 0.36015625
3 0.66328125 0.4953125 0.1578125 0.5765625
3 0.84296875 0.5 0.17421875 0.78984375
3 0.50703125 0.503125 0.165625 0.5859375
4 0.82734375 0.51953125 0.13828125 0.39609375
4 0.328125 0.55703125 0.1640625 0.36953125
2 0.50390625 0.56875 0.13984375 0.3453125
2 0.6671875 0.578125 0.11796875 0.35703125
0 0.56875 0.13515625 0.0859375 0.084375
0 0.82421875 0.14453125 0.1 0.06640625
0 0.22421875 0.146875 0.084375 0.06640625
0 0.3640625 0.21015625 0.084375 0.071875
0 0.671875 0.2359375 0.084375 0.06328125
0 0.50703125 0.24609375 0.08203125 0.06640625