2 0.60234375 0.48515625 0.06640625 0.11875
2 0.515625 0.49375 0.08828125 0.1828125
2 0.39453125 0.5109375 0.0875 0.15546875
2 0.83125 0.5203125 0.09453125 0.1796875
2 0.6828125 0.540625 0.0921875 0.16796875
2 0.27734375 0.55 0.05625 0.17734375
2 0.21171875 0.56875 0.10390625 0.29453125
3 0.60703125 0.58203125 0.08203125 0.478125
3 0.28125 0.596875 0.06171875 0.50234375
3 0.5125 0.603125 0.13125 0.59921875
3 0.39296875 0.60859375 0.12109375 0.5296875
2 0.94296875 0.6171875 0.1140625 0.4015625
3 0.69375 0.63046875 0.13046875 0.5546875
3 0.9421875 0.64453125 0.115625 0.7109375
3 0.2234375 0.65234375 0.153125 0.6953125
3 0.825 0.65390625 0.1359375 0.67734375
0 0.5078125 0.33046875 0.06015625 0.04453125
1 0.81875 0.346875 0.05703125 0.06484375
0 0.2171875 0.35078125 0.0578125 0.059375
0 0.590625 0.36640625 0.03671875 0.04140625
1 0.3859375 0.378125 0.0421875 0.05
0 0.26953125 0.378125 0.04453125 0.059375
0 0.671875 0.38359375 0.0609375 0.04765625