0 0.3828125 0.47734375 0.0515625 0.04296875
0 0.29453125 0.50625 0.05390625 0.05
0 0.546875 0.50625 0.04921875 0.05546875
1 0.65 0.51015625 0.0421875 0.04296875
0 0.471875 0.5375 0.0484375 0.053125
4 0.378125 0.6046875 0.09140625 0.15546875
4 0.55078125 0.6125 0.09453125 0.11171875
4 0.65234375 0.61875 0.09140625 0.13984375
4 0.28515625 0.64921875 0.10078125 0.17578125
4 0.46796875 0.6609375 0.07421875 0.15
3 0.3703125 0.6890625 0.09765625 0.47265625
3 0.55703125 0.69609375 0.08671875 0.4328125
3 0.65859375 0.69921875 0.10625 0.4328125
3 0.4671875 0.715625 0.0796875 0.42265625
3 0.28359375 0.71953125 0.1 0.47578125