0 0.76484375 0.28359375 0.11875 0.10859375
1 0.26953125 0.434375 0.0359375 0.0484375
0 0.6265625 0.45078125 0.05703125 0.0765625
1 0.4328125 0.4640625 0.03671875 0.04140625
1 0.5046875 0.48046875 0.03515625 0.053125
3 0.7515625 0.56953125 0.1796875 0.71953125
2 0.265625 0.58203125 0.05859375 0.18046875
2 0.50390625 0.59140625 0.046875 0.14453125
2 0.434375 0.603125 0.06484375 0.1859375
2 0.61171875 0.65234375 0.0796875 0.259375
3 0.5140625 0.66640625 0.06328125 0.446875
3 0.26640625 0.675 0.071875 0.528125
3 0.4328125 0.690625 0.07265625 0.5
3 0.60703125 0.71015625 0.103125 0.57890625
2 0.746875 0.7203125 0.16640625 0.49296875