0 0.334375 0.18125 0.01796875 0.01796875
0 0.2296875 0.1890625 0.01328125 0.01953125
0 0.303125 0.19453125 0.01328125 0.02109375
0 0.37109375 0.19765625 0.0125 0.01796875
2 0.265625 0.21796875 0.025 0.053125
2 0.33671875 0.221875 0.02734375 0.059375
2 0.23203125 0.2265625 0.02421875 0.05546875
2 0.3046875 0.23046875 0.0234375 0.0546875
3 0.26875 0.23671875 0.03203125 0.13671875
2 0.375 0.23671875 0.02734375 0.059375
3 0.3390625 0.240625 0.03359375 0.140625
3 0.23203125 0.24375 0.03359375 0.13203125
3 0.30546875 0.2453125 0.02578125 0.13515625
3 0.37578125 0.2484375 0.03515625 0.12578125