0 0.79296875 0.26171875 0.0734375 0.1265625
1 0.2703125 0.2640625 0.05625 0.11171875
0 0.54453125 0.26484375 0.04609375 0.07890625
0 0.47734375 0.26796875 0.06015625 0.08359375
0 0.7078125 0.2703125 0.06875 0.109375
3 0.40859375 0.29296875 0.0546875 0.22109375
0 0.365625 0.2984375 0.0515625 0.0890625
3 0.628125 0.3703125 0.11640625 0.390625
3 0.4671875 0.3859375 0.0953125 0.31484375
3 0.553125 0.3984375 0.09375 0.35
3 0.3671875 0.4203125 0.0875 0.3328125
4 0.6328125 0.42109375 0.07734375 0.1875
4 0.4703125 0.434375 0.0828125 0.2234375
3 0.71015625 0.43671875 0.0828125 0.44140625
4 0.71484375 0.45078125 0.0625 0.22109375
4 0.5515625 0.46328125 0.07734375 0.2359375
4 0.36328125 0.465625 0.0984375 0.2359375
4 0.80625 0.51484375 0.11015625 0.325
4 0.92578125 0.5265625 0.12109375 0.36796875
0 0.5046875 0.540625 0.0671875 0.1015625
0 0.41171875 0.5484375 0.05390625 0.09609375
0 0.6234375 0.55546875 0.0640625 0.1015625
3 0.17421875 0.5671875 0.12109375 0.79921875
3 0.2671875 0.57578125 0.0921875 0.76171875
3 0.91953125 0.58359375 0.12109375 0.7921875
0 0.6953125 0.59375 0.0640625 0.11640625
3 0.80234375 0.60234375 0.1265625 0.7953125
0 0.28359375 0.6625 0.06484375 0.15703125
3 0.625 0.728125 0.0953125 0.44140625
3 0.509375 0.74453125 0.103125 0.5109375
3 0.39296875 0.75 0.1140625 0.4953125
3 0.72734375 0.76875 0.13515625 0.46171875
0 0.35 0.18125 0.05 0.09375
0 0.471875 0.1875 0.04609375 0.0859375
0 0.309375 0.2078125 0.0484375 0.07578125
0 0.18125 0.221875 0.08515625 0.1140625
0 0.41015625 0.2296875 0.04765625 0.08359375
0 0.6171875 0.2359375 0.06875 0.09609375
0 0.9203125 0.2453125 0.0796875 0.15