0 0.23203125 0.34140625 0.10859375 0.10859375
0 0.85859375 0.3609375 0.08671875 0.08671875
0 0.4046875 0.384375 0.09765625 0.0890625
1 0.5796875 0.4203125 0.084375 0.10546875
1 0.73203125 0.43046875 0.078125 0.0921875
4 0.39140625 0.6171875 0.15078125 0.27578125
2 0.20546875 0.63125 0.215625 0.3875
2 0.584375 0.64375 0.15546875 0.3234375
3 0.19296875 0.64609375 0.27109375 0.7078125
3 0.87421875 0.6546875 0.19765625 0.690625
3 0.39609375 0.66796875 0.1984375 0.6640625
3 0.58125 0.66953125 0.19765625 0.615625
3 0.7359375 0.69765625 0.178125 0.6046875