0 0.8015625 0.34140625 0.08046875 0.065625
0 0.1984375 0.4671875 0.03515625 0.046875
0 0.44296875 0.4671875 0.03671875 0.0421875
0 0.56953125 0.4671875 0.04375 0.05625
4 0.803125 0.47109375 0.084375 0.11953125
4 0.61640625 0.496875 0.05078125 0.08203125
0 0.36875 0.503125 0.028125 0.04921875
4 0.47265625 0.52109375 0.03359375 0.05625
4 0.24375 0.5234375 0.0734375 0.05625
4 0.3328125 0.5421875 0.04375 0.075
3 0.61171875 0.55703125 0.13125 0.25
3 0.79765625 0.5640625 0.20546875 0.52578125
3 0.4734375 0.56796875 0.1015625 0.24765625
3 0.2296875 0.57578125 0.10859375 0.2875
3 0.34140625 0.59609375 0.12421875 0.27578125