0 0.8140625 0.203125 0.0609375 0.078125
0 0.52421875 0.24296875 0.046875 0.0859375
0 0.66640625 0.26640625 0.04375 0.071875
0 0.39609375 0.27890625 0.05 0.0640625
0 0.27890625 0.284375 0.040625 0.06953125
4 0.81796875 0.34140625 0.10625 0.2
4 0.70859375 0.384375 0.08125 0.1640625
4 0.51640625 0.4265625 0.10625 0.15859375
3 0.70234375 0.428125 0.115625 0.4
3 0.82734375 0.44296875 0.159375 0.546875
3 0.40234375 0.44609375 0.084375 0.41953125
4 0.28359375 0.5109375 0.14375 0.1390625
3 0.53046875 0.521875 0.14375 0.371875
0 0.15625 0.58359375 0.0609375 0.171875
3 0.2734375 0.6640625 0.2859375 0.46640625