1 0.3703125 0.25390625 0.08359375 0.08203125
2 0.54765625 0.4171875 0.153125 0.409375
4 0.7109375 0.46171875 0.14765625 0.38515625
4 0.18046875 0.4953125 0.16328125 0.39453125
2 0.36875 0.4953125 0.12890625 0.28203125
3 0.5515625 0.51171875 0.23203125 0.9765625
3 0.884375 0.53046875 0.15 0.9390625
3 0.72578125 0.540625 0.16875 0.90703125
3 0.19140625 0.56171875 0.2078125 0.8765625
3 0.346875 0.61015625 0.1796875 0.7796875
1 0.5296875 0.0671875 0.09140625 0.06875
1 0.8671875 0.10625 0.0765625 0.07421875
0 0.715625 0.1390625 0.09296875 0.11796875
1 0.203125 0.15078125 0.07578125 0.065625