0 0.9078125 0.14296875 0.065625 0.1125
0 0.06640625 0.17890625 0.05703125 0.115625
0 0.296875 0.23671875 0.05234375 0.1203125
3 0.36171875 0.28515625 0.1828125 0.2546875
4 0.3828125 0.30234375 0.11875 0.2109375
3 0.1078125 0.30703125 0.153125 0.39296875
4 0.11953125 0.31328125 0.1171875 0.24453125
4 0.9109375 0.36640625 0.1046875 0.31171875
3 0.90078125 0.41328125 0.14375 0.68203125
0 0.665625 0.4546875 0.0671875 0.15
3 0.7109375 0.68515625 0.16640625 0.6015625
4 0.69765625 0.721875 0.14375 0.3671875