0 0.6265625 0.1 0.13359375 0.15703125
0 0.2953125 0.18671875 0.14453125 0.15625
0 0.92421875 0.2375 0.10078125 0.184375
0 0.47734375 0.27421875 0.140625 0.209375
3 0.14140625 0.465625 0.27734375 0.89453125
3 0.3078125 0.48671875 0.19140625 0.8203125
3 0.68984375 0.51484375 0.309375 0.93125
4 0.15078125 0.52109375 0.2828125 0.62890625
3 0.8875 0.578125 0.225 0.7859375
3 0.46484375 0.578125 0.24453125 0.8046875
4 0.69375 0.66015625 0.27421875 0.63515625
1 0.16328125 0.06875 0.1234375 0.1375
4 0.9296875 0.6984375 0.140625 0.584375
4 0.45078125 0.709375 0.24140625 0.58046875
0 0.13203125 0.8515625 0.16796875 0.26484375