3 0.58515625 0.5015625 0.1234375 0.48359375
3 0.16875 0.5078125 0.10546875 0.6375
4 0.440625 0.67890625 0.0890625 0.22109375
3 0.453125 0.67890625 0.1296875 0.29609375
0 0.1640625 0.23046875 0.059375 0.06328125
0 0.63125 0.303125 0.02734375 0.07734375
0 0.496875 0.30390625 0.0359375 0.059375
3 0.7265625 0.3640625 0.05859375 0.253125
4 0.4546875 0.371875 0.0578125 0.128125
4 0.571875 0.3765625 0.06953125 0.17109375
4 0.15859375 0.3953125 0.07265625 0.21328125
3 0.44765625 0.42421875 0.14140625 0.30078125