0 0.86875 0.26640625 0.109375 0.09453125
0 0.26640625 0.30859375 0.0734375 0.10390625
0 0.10078125 0.31953125 0.078125 0.10859375
0 0.6625 0.3359375 0.07109375 0.09765625
2 0.26875 0.47734375 0.0859375 0.234375
2 0.76640625 0.51171875 0.06875 0.253125
2 0.10625 0.546875 0.10859375 0.2921875
2 0.67578125 0.553125 0.090625 0.2515625
2 0.89453125 0.56640625 0.1796875 0.42265625
3 0.7671875 0.5765625 0.08671875 0.62578125
3 0.27578125 0.58515625 0.12890625 0.67734375
3 0.88203125 0.60546875 0.1796875 0.7890625
3 0.121875 0.6265625 0.16015625 0.746875
3 0.66015625 0.63828125 0.1328125 0.7234375