0 0.21796875 0.55078125 0.05703125 0.05546875
0 0.5140625 0.5625 0.03828125 0.04609375
0 0.3296875 0.590625 0.03359375 0.0625
0 0.6875 0.60625 0.0484375 0.075
0 0.434375 0.615625 0.071875 0.0796875
4 0.32734375 0.68671875 0.06484375 0.115625
3 0.646875 0.690625 0.16328125 0.28203125
4 0.6484375 0.70703125 0.06640625 0.12734375
4 0.21015625 0.70859375 0.0734375 0.1640625
3 0.50546875 0.71484375 0.06171875 0.35390625
4 0.45859375 0.73515625 0.053125 0.08671875
3 0.321875 0.73984375 0.103125 0.3953125
3 0.20859375 0.74921875 0.103125 0.453125
3 0.40859375 0.778125 0.09296875 0.38515625