0 0.21640625 0.19296875 0.09921875 0.109375
0 0.4953125 0.2453125 0.084375 0.08515625
0 0.3703125 0.25234375 0.08203125 0.0828125
0 0.6046875 0.25234375 0.07421875 0.090625
0 0.73984375 0.26796875 0.08984375 0.08828125
4 0.221875 0.471875 0.1703125 0.3734375
4 0.7578125 0.47578125 0.13828125 0.28515625
4 0.4890625 0.47890625 0.11796875 0.3015625
4 0.61328125 0.4796875 0.12421875 0.27734375
4 0.37109375 0.4921875 0.1296875 0.31484375
3 0.2140625 0.5640625 0.178125 0.871875
3 0.62734375 0.5890625 0.1640625 0.75234375
3 0.48828125 0.59453125 0.1453125 0.8109375
3 0.7640625 0.5984375 0.1703125 0.73828125
3 0.37109375 0.609375 0.11171875 0.78125