3 0.1328125 0.30390625 0.0859375 0.38046875
4 0.80234375 0.30859375 0.084375 0.19140625
3 0.65703125 0.3203125 0.09375 0.37734375
3 0.91328125 0.33671875 0.10625 0.50625
4 0.4640625 0.3484375 0.1359375 0.33203125
3 0.80625 0.365625 0.1203125 0.49140625
3 0.48203125 0.48359375 0.2 0.91953125
0 0.47578125 0.071875 0.0796875 0.08359375
0 0.89765625 0.1109375 0.05234375 0.065625
0 0.12890625 0.1421875 0.03828125 0.05078125
0 0.80234375 0.15546875 0.05234375 0.065625
0 0.65703125 0.16171875 0.04609375 0.04765625
0 0.07109375 0.16328125 0.021875 0.0328125
0 0.334375 0.16484375 0.03203125 0.0359375
0 0.221875 0.16640625 0.028125 0.0328125
0 0.28203125 0.16953125 0.02421875 0.0265625
4 0.22421875 0.22734375 0.04375 0.08984375
3 0.18828125 0.23359375 0.02421875 0.15546875
4 0.2890625 0.23671875 0.03828125 0.08984375
3 0.228125 0.25625 0.04765625 0.20625
3 0.2859375 0.25625 0.05234375 0.2125
4 0.34375 0.25625 0.05234375 0.12890625
3 0.071875 0.25625 0.028125 0.23046875
4 0.90703125 0.25859375 0.08984375 0.20078125
2 0.13125 0.25859375 0.078125 0.1703125
4 0.6609375 0.2796875 0.06171875 0.16484375
3 0.34609375 0.2875 0.0796875 0.2875