0 0.81875 0.48359375 0.0640625 0.09140625
1 0.1921875 0.4890625 0.04453125 0.0640625
0 0.4109375 0.5140625 0.04921875 0.0859375
1 0.71875 0.521875 0.05703125 0.0765625
2 0.196875 0.6140625 0.06953125 0.16640625
2 0.4078125 0.6375 0.09296875 0.19140625
3 0.2140625 0.66640625 0.12734375 0.43359375
2 0.8046875 0.671875 0.08984375 0.2109375
3 0.815625 0.6859375 0.11171875 0.4890625
3 0.4125 0.69609375 0.11171875 0.45859375
3 0.696875 0.69609375 0.12421875 0.44140625
2 0.7015625 0.70546875 0.11015625 0.23359375