3 0.4640625 0.4171875 0.0640625 0.1703125
0 0.9109375 0.48515625 0.0453125 0.04921875
0 0.734375 0.53046875 0.04296875 0.0484375
0 0.8734375 0.53671875 0.0296875 0.0359375
4 0.93046875 0.6078125 0.07578125 0.1515625
4 0.75078125 0.609375 0.06484375 0.1046875
4 0.2875 0.61328125 0.07421875 0.1375
4 0.8765625 0.621875 0.04140625 0.11328125
4 0.59765625 0.62421875 0.08046875 0.13515625
3 0.87890625 0.64765625 0.05390625 0.246875
3 0.7515625 0.6546875 0.07734375 0.2828125
3 0.92890625 0.66484375 0.07890625 0.41640625
3 0.29609375 0.6703125 0.08515625 0.3265625
3 0.596875 0.68203125 0.084375 0.32109375