1 0.44765625 0.27890625 0.10234375 0.0765625
1 0.6765625 0.28515625 0.06875 0.04140625
1 0.15859375 0.290625 0.0875 0.07109375
1 0.5625 0.328125 0.06015625 0.05234375
1 0.28828125 0.33125 0.07890625 0.05078125
4 0.884375 0.45234375 0.20390625 0.3828125
3 0.8890625 0.55390625 0.21875 0.8921875
4 0.6765625 0.58984375 0.16875 0.41875
4 0.146875 0.6171875 0.20390625 0.46875
4 0.415625 0.6203125 0.2015625 0.41875
3 0.42421875 0.62109375 0.1765625 0.7578125
3 0.13828125 0.621875 0.19140625 0.73359375
3 0.26484375 0.63359375 0.1671875 0.6921875
3 0.6890625 0.63359375 0.175 0.7328125
3 0.55078125 0.64140625 0.12890625 0.71640625
1 0.87734375 0.14375 0.07734375 0.065625