0 0.2796875 0.17265625 0.03671875 0.06171875
0 0.8640625 0.17734375 0.034375 0.04140625
0 0.3125 0.1875 0.03671875 0.04140625
0 0.5078125 0.19609375 0.0375 0.04140625
0 0.7546875 0.20390625 0.03671875 0.0453125
0 0.428125 0.20859375 0.03671875 0.03984375
0 0.946875 0.215625 0.03671875 0.0453125
4 0.84375 0.23984375 0.05 0.11015625
4 0.496875 0.26640625 0.034375 0.0796875
0 0.528125 0.27109375 0.0703125 0.075
3 0.27578125 0.271875 0.0578125 0.23984375
4 0.32109375 0.271875 0.053125 0.11015625
4 0.95078125 0.2796875 0.0546875 0.1
3 0.8453125 0.284375 0.078125 0.2453125
4 0.74453125 0.290625 0.06640625 0.11484375
3 0.9515625 0.29140625 0.071875 0.19296875
3 0.7390625 0.30703125 0.0890625 0.25703125
3 0.32265625 0.30859375 0.06328125 0.28359375
4 0.4203125 0.31015625 0.065625 0.13671875
0 0.20078125 0.32265625 0.078125 0.1046875
3 0.425 0.3234375 0.0859375 0.296875
4 0.528125 0.42265625 0.11875 0.18828125
3 0.53359375 0.490625 0.13359375 0.521875
4 0.15078125 0.5 0.165625 0.29296875
3 0.14921875 0.58203125 0.2109375 0.6796875