0 0.3625 0.34765625 0.06015625 0.0546875
0 0.25625 0.35078125 0.06171875 0.07421875
0 0.52890625 0.365625 0.05703125 0.065625
0 0.3984375 0.396875 0.06171875 0.065625
0 0.64375 0.40234375 0.05859375 0.06328125
0 0.715625 0.41640625 0.06484375 0.065625
0 0.8015625 0.41796875 0.06015625 0.065625
0 0.29140625 0.41953125 0.06484375 0.06328125
0 0.5 0.42578125 0.06171875 0.0671875
0 0.18984375 0.42890625 0.06875 0.065625
0 0.59765625 0.4359375 0.06015625 0.0609375
4 0.40078125 0.5671875 0.08671875 0.18515625
4 0.721875 0.5875 0.0921875 0.18984375
4 0.2921875 0.58828125 0.08984375 0.1828125
4 0.59921875 0.59140625 0.08046875 0.16796875
2 0.8296875 0.59140625 0.11015625 0.215625
2 0.5046875 0.59921875 0.0953125 0.209375
4 0.19453125 0.6125 0.08203125 0.20078125
3 0.83359375 0.66328125 0.121875 0.56015625
3 0.4 0.66796875 0.10546875 0.603125
3 0.50390625 0.66796875 0.11015625 0.546875
3 0.72265625 0.66796875 0.103125 0.5640625
3 0.61015625 0.67421875 0.0953125 0.5296875
3 0.2890625 0.68984375 0.10703125 0.6125
3 0.17109375 0.69375 0.125 0.59921875