1 0.89609375 0.3234375 0.10390625 0.134375
0 0.76953125 0.3625 0.06484375 0.06875
1 0.46328125 0.3859375 0.05625 0.121875
1 0.66640625 0.3875 0.04140625 0.075
1 0.115625 0.41875 0.08515625 0.08125
1 0.58046875 0.421875 0.05625 0.0875
4 0.671875 0.4984375 0.08984375 0.159375
4 0.78359375 0.5 0.05390625 0.1875
3 0.77421875 0.5546875 0.10234375 0.440625
4 0.46796875 0.559375 0.10625 0.25
3 0.67265625 0.559375 0.1125 0.43125
4 0.903125 0.565625 0.16015625 0.35
4 0.5875 0.63125 0.10859375 0.31875
3 0.896875 0.6375 0.20625 0.725
3 0.4625 0.646875 0.09609375 0.6125
4 0.1375 0.6484375 0.19140625 0.321875
3 0.128125 0.653125 0.21015625 0.575
3 0.571875 0.6765625 0.12734375 0.603125