0 0.728125 0.56171875 0.0578125 0.05390625
0 0.915625 0.571875 0.0453125 0.04375
0 0.840625 0.58125 0.07265625 0.05859375
0 0.31953125 0.61328125 0.05078125 0.05859375
0 0.590625 0.6140625 0.06328125 0.0609375
0 0.39296875 0.6359375 0.03046875 0.03125
4 0.9203125 0.68359375 0.05078125 0.14140625
4 0.03359375 0.715625 0.03046875 0.0828125
3 0.0375 0.725 0.03828125 0.175
4 0.73671875 0.7375 0.1015625 0.22421875
3 0.7421875 0.75546875 0.10546875 0.4890625
3 0.53046875 0.76171875 0.05234375 0.30625
4 0.86875 0.76875 0.103125 0.23828125
3 0.8578125 0.76953125 0.11875 0.4609375
3 0.9203125 0.76953125 0.075 0.4609375
4 0.29765625 0.77578125 0.0796875 0.209375
3 0.38671875 0.784375 0.065625 0.33359375
3 0.3046875 0.7859375 0.1015625 0.41875
4 0.59609375 0.78828125 0.078125 0.22890625
3 0.590625 0.79296875 0.09609375 0.41328125
3 0.6734375 0.7984375 0.06171875 0.384375