0 0.13203125 0.35703125 0.0765625 0.08828125
0 0.03125 0.35703125 0.0625 0.10234375
0 0.3140625 0.37578125 0.05546875 0.05703125
0 0.46796875 0.390625 0.04375 0.0484375
0 0.6703125 0.39296875 0.04375 0.05703125
0 0.525 0.40546875 0.0359375 0.046875
0 0.7109375 0.428125 0.0453125 0.075
0 0.196875 0.42890625 0.06328125 0.0765625
0 0.5859375 0.42890625 0.040625 0.05546875
0 0.85078125 0.45546875 0.06171875 0.075
2 0.65546875 0.54453125 0.0375 0.16875
2 0.4625 0.55234375 0.078125 0.184375
2 0.52578125 0.55234375 0.06171875 0.16640625
2 0.31171875 0.559375 0.09765625 0.19453125
2 0.596875 0.5734375 0.06875 0.171875
2 0.69375 0.603125 0.06953125 0.234375
2 0.11640625 0.6046875 0.0984375 0.328125
2 0.2 0.609375 0.059375 0.246875
3 0.525 0.62421875 0.07109375 0.4875
3 0.6578125 0.625 0.0625 0.52421875
3 0.46015625 0.63515625 0.08984375 0.53828125
3 0.03515625 0.640625 0.0703125 0.71875
3 0.11796875 0.6453125 0.1078125 0.709375
3 0.5953125 0.65 0.09453125 0.5125
3 0.315625 0.6515625 0.1046875 0.6234375
2 0.85 0.65625 0.09453125 0.25703125
2 0.034375 0.67265625 0.0671875 0.453125
3 0.7015625 0.678125 0.07109375 0.56796875
3 0.196875 0.69453125 0.08984375 0.6109375
3 0.8484375 0.7125 0.10546875 0.575