0 0.7234375 0.17890625 0.05390625 0.07265625
0 0.2109375 0.228125 0.06640625 0.0625
0 0.6078125 0.23984375 0.0515625 0.06875
0 0.459375 0.26328125 0.05546875 0.07890625
0 0.3953125 0.278125 0.0546875 0.0453125
4 0.72890625 0.36015625 0.0984375 0.22265625
4 0.628125 0.409375 0.12109375 0.2078125
4 0.21484375 0.42734375 0.12734375 0.27421875
4 0.4625 0.440625 0.103125 0.25
3 0.734375 0.446875 0.13046875 0.61328125
4 0.3828125 0.47109375 0.0515625 0.21171875
3 0.6328125 0.50234375 0.11796875 0.60703125
3 0.3875 0.528125 0.078125 0.57109375
3 0.209375 0.55234375 0.18046875 0.71953125
3 0.471875 0.5546875 0.15078125 0.640625