0 0.915625 0.28671875 0.09765625 0.10546875
0 0.62890625 0.334375 0.06484375 0.0859375
0 0.4203125 0.38359375 0.0921875 0.1359375
0 0.5578125 0.38515625 0.0859375 0.12578125
0 0.10390625 0.3890625 0.10390625 0.11171875
2 0.89765625 0.5546875 0.178125 0.3359375
3 0.89296875 0.61171875 0.2140625 0.77578125
2 0.40703125 0.63671875 0.17578125 0.35
3 0.63359375 0.6453125 0.078125 0.70859375
2 0.56640625 0.65 0.14375 0.3484375
3 0.40390625 0.6546875 0.1734375 0.690625
3 0.13515625 0.66171875 0.2421875 0.67578125
3 0.56328125 0.66171875 0.16171875 0.67578125
2 0.13515625 0.715625 0.23359375 0.434375