0 0.8875 0.3296875 0.08203125 0.0703125
0 0.196875 0.34765625 0.06015625 0.0546875
0 0.47109375 0.36484375 0.0484375 0.03984375
0 0.54296875 0.37109375 0.0296875 0.0375
0 0.30546875 0.3921875 0.0484375 0.0546875
0 0.40078125 0.39609375 0.03828125 0.0421875
2 0.54609375 0.51484375 0.06171875 0.1796875
2 0.47421875 0.5265625 0.06484375 0.1921875
2 0.40546875 0.55 0.0546875 0.1953125
2 0.1859375 0.57890625 0.11484375 0.27265625
2 0.31484375 0.58125 0.08671875 0.2078125
2 0.9140625 0.5859375 0.11484375 0.3421875
3 0.54453125 0.5875 0.075 0.51015625
3 0.47578125 0.60859375 0.08515625 0.5421875
3 0.39921875 0.63984375 0.08515625 0.5703125
3 0.91484375 0.64375 0.1703125 0.7125
3 0.184375 0.65390625 0.14140625 0.6921875
3 0.31328125 0.6625 0.1203125 0.5953125