0 0.2921875 0.40703125 0.12890625 0.15
0 0.87421875 0.4703125 0.06875 0.084375
1 0.16484375 0.4765625 0.0671875 0.10390625
0 0.528125 0.48515625 0.06328125 0.08203125
1 0.92890625 0.5 0.08359375 0.10078125
2 0.521875 0.6578125 0.11640625 0.23125
3 0.34375 0.66484375 0.24765625 0.6703125
2 0.6890625 0.6921875 0.1203125 0.21796875
3 0.9125 0.7015625 0.134375 0.5859375
2 0.90625 0.703125 0.1328125 0.28359375
3 0.5234375 0.721875 0.1234375 0.55546875
3 0.68125 0.73671875 0.15078125 0.5203125
2 0.28203125 0.77265625 0.23984375 0.4546875