0 0.87265625 0.3484375 0.08203125 0.09609375
0 0.63125 0.465625 0.05625 0.071875
0 0.4359375 0.5015625 0.0578125 0.05390625
0 0.29453125 0.5328125 0.0359375 0.0453125
0 0.24140625 0.55078125 0.0421875 0.0453125
0 0.16953125 0.5734375 0.03828125 0.0296875
0 0.06640625 0.5796875 0.02421875 0.0359375
2 0.91953125 0.6109375 0.1359375 0.33359375
2 0.3234375 0.64296875 0.0625 0.13828125
2 0.08046875 0.6484375 0.04375 0.09609375
3 0.91015625 0.65 0.1765625 0.7
2 0.46796875 0.653125 0.078125 0.17734375
2 0.25234375 0.659375 0.05234375 0.14140625
3 0.45625 0.66796875 0.10625 0.39921875
2 0.18515625 0.66953125 0.0421875 0.1140625
2 0.653125 0.67109375 0.09609375 0.2375
3 0.6484375 0.67734375 0.11796875 0.48984375
3 0.078125 0.684375 0.05625 0.228125
3 0.31328125 0.6875 0.09453125 0.3546875
3 0.24921875 0.6921875 0.08203125 0.32109375
3 0.178125 0.6921875 0.06796875 0.29140625