3 0.1125 0.321875 0.04296875 0.1609375
3 0.0421875 0.328125 0.04296875 0.1625
3 0.20546875 0.34921875 0.04296875 0.1765625
3 0.2515625 0.35234375 0.04375 0.1703125
0 0.16328125 0.3609375 0.09375 0.1140625
0 0.81953125 0.36640625 0.0546875 0.0703125
0 0.6265625 0.3734375 0.0765625 0.0765625
0 0.7453125 0.38984375 0.06484375 0.078125
0 0.32890625 0.41171875 0.08125 0.10234375
2 0.7515625 0.4875 0.096875 0.1234375
2 0.61875 0.54140625 0.1015625 0.21953125
2 0.1234375 0.5546875 0.11796875 0.2625
3 0.83125 0.5625 0.09140625 0.4546875
3 0.61484375 0.58125 0.10625 0.50390625
3 0.753125 0.58203125 0.1234375 0.47421875
2 0.33828125 0.60234375 0.1234375 0.24296875
3 0.13125 0.64375 0.13984375 0.68828125
3 0.33984375 0.67578125 0.153125 0.6296875