1 0.771875 0.21015625 0.15234375 0.11015625
0 0.1796875 0.21328125 0.1421875 0.153125
1 0.5765625 0.2734375 0.1453125 0.1234375
0 0.403125 0.3234375 0.13515625 0.13125
3 0.196875 0.5625 0.296875 0.875
3 0.77578125 0.57734375 0.3359375 0.8453125
3 0.56328125 0.6 0.2328125 0.8
3 0.3953125 0.61796875 0.1890625 0.7640625
2 0.78671875 0.6484375 0.28359375 0.57890625
2 0.1859375 0.71015625 0.29140625 0.54453125
2 0.53515625 0.73828125 0.19921875 0.52265625
2 0.39921875 0.753125 0.18359375 0.49296875
0 0.58671875 0.78046875 0.20078125 0.25703125