2 0.58203125 0.58046875 0.10625 0.209375
2 0.4375 0.60625 0.10546875 0.215625
3 0.2515625 0.61328125 0.08984375 0.59921875
3 0.32734375 0.62890625 0.071875 0.56171875
3 0.73359375 0.6296875 0.16796875 0.5390625
3 0.578125 0.64140625 0.1140625 0.515625
0 0.2640625 0.34765625 0.06328125 0.0640625
1 0.32265625 0.38203125 0.06015625 0.07109375
1 0.74375 0.3921875 0.053125 0.0578125
1 0.5859375 0.41953125 0.0578125 0.0609375
0 0.41328125 0.46171875 0.05625 0.06484375
2 0.25546875 0.5328125 0.0890625 0.253125
2 0.32421875 0.54140625 0.0828125 0.2171875
2 0.7328125 0.55859375 0.109375 0.225