0 0.33046875 0.53984375 0.034375 0.03515625
0 0.271875 0.54296875 0.03359375 0.03359375
0 0.56953125 0.54375 0.0375 0.034375
0 0.65234375 0.54453125 0.03828125 0.03359375
0 0.40859375 0.55390625 0.03125 0.03828125
0 0.453125 0.56953125 0.02578125 0.028125
0 0.48671875 0.56953125 0.053125 0.034375
4 0.26484375 0.625 0.0453125 0.11328125
4 0.56640625 0.62734375 0.059375 0.115625
4 0.3203125 0.62890625 0.053125 0.1203125
4 0.671875 0.6328125 0.0765625 0.10625
4 0.40234375 0.64375 0.053125 0.13125
4 0.44140625 0.65 0.0265625 0.109375
4 0.4828125 0.671875 0.059375 0.13046875
3 0.56640625 0.671875 0.06171875 0.29921875
3 0.26015625 0.671875 0.05703125 0.30546875
3 0.3203125 0.678125 0.059375 0.31953125
3 0.665625 0.684375 0.07265625 0.315625
3 0.4453125 0.6921875 0.03828125 0.2734375
3 0.39921875 0.6953125 0.065625 0.32578125
3 0.49140625 0.715625 0.07890625 0.32421875