0 0.809375 0.15546875 0.071875 0.0765625
0 0.746875 0.16484375 0.05546875 0.0828125
0 0.26875 0.1859375 0.07734375 0.0875
0 0.146875 0.2453125 0.07265625 0.0734375
3 0.746875 0.3703125 0.13828125 0.51875
4 0.85625 0.3859375 0.090625 0.2921875
4 0.73125 0.40078125 0.0859375 0.31640625
4 0.28984375 0.4421875 0.14140625 0.325
4 0.12890625 0.46015625 0.14453125 0.30234375
3 0.840625 0.5390625 0.14609375 0.8609375
3 0.13671875 0.55546875 0.16015625 0.7015625
3 0.30078125 0.56015625 0.17421875 0.84765625
0 0.5703125 0.65078125 0.0765625 0.15390625
0 0.646875 0.66640625 0.05859375 0.13515625
4 0.75078125 0.6765625 0.146875 0.15625
4 0.46015625 0.71328125 0.1359375 0.17890625
3 0.4953125 0.7640625 0.221875 0.39375
3 0.72265625 0.78203125 0.22421875 0.38359375