1 0.73125 0.171875 0.06484375 0.0765625
1 0.85078125 0.21796875 0.06640625 0.09453125
1 0.28203125 0.2203125 0.0625 0.08359375
1 0.56484375 0.22578125 0.05390625 0.0890625
1 0.071875 0.2734375 0.065625 0.10390625
3 0.721875 0.340625 0.1359375 0.4234375
4 0.71640625 0.38515625 0.084375 0.271875
4 0.7125 0.38828125 0.09296875 0.259375
4 0.83046875 0.43125 0.08671875 0.27109375
4 0.56484375 0.43515625 0.09375 0.28515625
4 0.28046875 0.45078125 0.11640625 0.28046875
4 0.1140625 0.45625 0.09453125 0.21640625
3 0.55 0.56640625 0.1328125 0.7453125
3 0.1015625 0.5703125 0.14609375 0.6796875
3 0.83828125 0.5765625 0.1375 0.84609375
3 0.28984375 0.58046875 0.15703125 0.75