0 0.21953125 0.27265625 0.03828125 0.0453125
0 0.2828125 0.32578125 0.03828125 0.0546875
3 0.20859375 0.39453125 0.07421875 0.28671875
0 0.42109375 0.41328125 0.0296875 0.06015625
3 0.28671875 0.48125 0.08203125 0.33828125
0 0.4546875 0.6 0.05546875 0.0703125
3 0.39609375 0.63671875 0.07109375 0.37578125
0 0.609375 0.646875 0.053125 0.0671875
0 0.7890625 0.71796875 0.06640625 0.0796875
4 0.4515625 0.7375 0.06953125 0.16328125
3 0.45390625 0.74375 0.08828125 0.32265625
3 0.59921875 0.7625 0.09375 0.26328125
4 0.609375 0.778125 0.05234375 0.15234375
3 0.81171875 0.80234375 0.11015625 0.2203125