1 0.76875 0.46640625 0.0828125 0.06953125
1 0.6203125 0.50859375 0.0703125 0.0890625
0 0.91015625 0.54140625 0.06875 0.08046875
2 0.409375 0.6140625 0.03984375 0.125
2 0.475 0.6390625 0.04453125 0.13046875
3 0.4140625 0.6703125 0.05859375 0.37109375
3 0.4796875 0.6734375 0.06328125 0.35546875
3 0.7625 0.715625 0.1234375 0.56796875
3 0.8984375 0.72734375 0.09453125 0.534375
3 0.590625 0.7328125 0.1453125 0.534375
2 0.765625 0.7671875 0.09921875 0.2984375
2 0.5921875 0.790625 0.0984375 0.278125
2 0.8953125 0.7953125 0.0765625 0.26796875